0.000000000000000000e+00 2.357000000000000028e+01
9.900990099009901257e+01 2.385999999999999943e+01
1.980198019801980251e+02 2.382999999999999829e+01
2.970297029702970235e+02 2.411000000000000654e+01
3.960396039603960503e+02 2.489000000000000057e+01
4.950495049504950771e+02 2.512000000000000810e+01
5.940594059405940470e+02 2.542000000000000171e+01
6.930693069306930738e+02 2.560000000000000142e+01
7.920792079207921006e+02 2.570000000000002061e+01
8.910891089108910137e+02 2.618499999999999872e+01
9.900990099009901542e+02 2.664999999999999858e+01
1.089108910891089181e+03 2.671000000000000085e+01
1.188118811881188094e+03 2.682999999999999829e+01
1.287128712871287235e+03 2.699500000000000810e+01
1.386138613861386148e+03 2.678000000000000114e+01
1.485148514851485061e+03 2.653999999999999915e+01
1.584158415841584201e+03 2.642000000000000171e+01
1.683168316831683342e+03 2.635999999999999943e+01
1.782178217821782027e+03 2.656999999999999673e+01
1.881188118811881168e+03 2.707000000000000028e+01
1.980198019801980308e+03 2.723999999999999844e+01
2.079207920792079221e+03 2.741000000000000014e+01
2.178217821782178362e+03 2.726999999999999957e+01
2.277227722772277502e+03 2.680499999999999972e+01
2.376237623762376188e+03 2.687999999999999901e+01
2.475247524752475329e+03 2.604000000000001691e+01
2.574257425742574469e+03 2.619000000000000128e+01
2.673267326732673610e+03 2.617500000000000071e+01
2.772277227722772295e+03 2.592000000000000171e+01
2.871287128712870981e+03 2.582499999999999929e+01
2.970297029702970121e+03 2.567999999999999972e+01
3.069306930693069262e+03 2.550000000000000000e+01
3.168316831683168402e+03 2.628999999999999915e+01
3.267326732673267543e+03 2.649999999999999289e+01
3.366336633663366683e+03 2.587999999999999901e+01
3.465346534653464914e+03 2.610499999999998622e+01
3.564356435643564055e+03 2.578999999999999915e+01
3.663366336633663195e+03 2.569999999999999929e+01
3.762376237623762336e+03 2.523999999999999488e+01
3.861386138613861476e+03 2.440500000000000114e+01
3.960396039603960617e+03 2.432000000000000028e+01
4.059405940594059757e+03 2.389000000000000057e+01
4.158415841584158443e+03 2.378000000000000114e+01
4.257425742574257129e+03 2.281499999999997641e+01
4.356435643564356724e+03 2.171999999999999886e+01
4.455445544554455410e+03 2.127999999999999048e+01
4.554455445544555005e+03 2.037000000000000099e+01
4.653465346534653690e+03 1.962999999999999901e+01
4.752475247524752376e+03 2.050000000000003197e+01
4.851485148514851062e+03 2.100499999999999901e+01
4.950495049504950657e+03 2.057000000000000028e+01
5.049504950495049343e+03 2.078000000000000114e+01
5.148514851485148938e+03 2.341000000000000014e+01
5.247524752475247624e+03 2.436500000000000909e+01
5.346534653465347219e+03 2.507000000000000028e+01
5.445544554455445905e+03 2.478500000000002146e+01
5.544554455445544590e+03 2.692000000000000171e+01
5.643564356435643276e+03 2.782999999999999829e+01
5.742574257425741962e+03 2.837999999999999545e+01
5.841584158415841557e+03 2.896499999999999986e+01
5.940594059405940243e+03 3.005000000000000071e+01
6.039603960396039838e+03 3.075500000000000256e+01
6.138613861386138524e+03 3.224000000000000199e+01
6.237623762376237210e+03 3.266499999999999204e+01
6.336633663366336805e+03 3.270000000000000284e+01
6.435643564356435490e+03 3.289500000000001734e+01
6.534653465346535086e+03 3.342999999999999972e+01
6.633663366336633771e+03 3.322500000000000142e+01
6.732673267326733367e+03 3.337999999999998835e+01
6.831683168316832052e+03 3.350000000000000000e+01
6.930693069306929829e+03 3.307000000000000028e+01
7.029702970297029424e+03 3.235500000000000398e+01
7.128712871287128110e+03 3.096000000000000085e+01
7.227722772277227705e+03 2.886499999999997002e+01
7.326732673267326390e+03 2.480999999999999872e+01
7.425742574257425986e+03 2.129999999999997229e+01
7.524752475247524671e+03 1.882000000000000028e+01
7.623762376237624267e+03 1.637000000000000099e+01
7.722772277227722952e+03 1.584999999999990017e+01
7.821782178217821638e+03 1.477499999999999858e+01
7.920792079207921233e+03 1.491999999999999993e+01
8.019801980198019919e+03 1.421000000000000085e+01
8.118811881188119514e+03 1.391999999999999993e+01
8.217821782178218200e+03 1.356000000000001116e+01
8.316831683168316886e+03 1.322000000000000064e+01
8.415841584158415571e+03 1.217000000000002302e+01
8.514851485148514257e+03 1.260999999999999943e+01
8.613861386138612943e+03 1.326478705281090598e+01
8.712871287128713448e+03 1.383000000000001073e+01
8.811881188118812133e+03 1.457499999999999929e+01
8.910891089108910819e+03 1.553999999999999915e+01
9.009900990099009505e+03 1.674500000000000099e+01
9.108910891089110009e+03 1.726000000000000156e+01
9.207920792079208695e+03 1.850500000000003098e+01
9.306930693069307381e+03 1.867999999999999972e+01
9.405940594059406067e+03 1.964499999999995694e+01
9.504950495049504752e+03 2.023000000000000043e+01
9.603960396039603438e+03 2.019000000000001194e+01
9.702970297029702124e+03 2.085999999999999943e+01
9.801980198019802629e+03 2.128999999999999915e+01
9.900990099009901314e+03 2.219000000000000128e+01
